0

01000011000101111000000000000000
01000011011111001000000000000000
01000001100111000000000000000000
01000001111111000000000000000000
01000000101100000000000000000000
01000010111010110000000000000000
01000010011101100000000000000000
01000010100101010000000000000000
01000010011100100000000000000000
01000010110110010000000000000000
01000011001101001000000000000000
01000010000111100000000000000000
01000001111101000000000000000000
01000011000011001000000000000000
01000011000111111000000000000000
01000011000001111000000000000000
01000011001000101000000000000000
01000011011110011000000000000000
01000011011010011000000000000000
01000010101011010000000000000000
01000011010101001000000000000000
01000001110111000000000000000000
01000010110101010000000000000000
01000010110100010000000000000000
01000010010101100000000000000000
01000001100011000000000000000000
01000010101100110000000000000000
01000011010111111000000000000000
01000011011000001000000000000000
01000011010010101000000000000000
01000010111101110000000000000000
01000011011011001000000000000000
01000010101010110000000000000000
01000010111100110000000000000000
01000011011000101000000000000000
01000001000010000000000000000000
01000011010100001000000000000000
01000011000110011000000000000000
01000010101001010000000000000000
01000011000011101000000000000000
01000011001101011000000000000000
01000010010010100000000000000000
01000011010011111000000000000000
01000011001001111000000000000000
01000010110011010000000000000000
01000010010000100000000000000000
01000011010011101000000000000000
01000011000010101000000000000000
01000010101001110000000000000000
01000010110101110000000000000000
01000010001101100000000000000000
01000010101011110000000000000000
01000010101001010000000000000000
01000010100101010000000000000000
01000010010110100000000000000000
01000011001011011000000000000000
01000011010001001000000000000000
01000010011101100000000000000000
01000011010011101000000000000000
01000011011110011000000000000000
01000010001100100000000000000000
01000010100001010000000000000000
01000011010100011000000000000000
01000011010101101000000000000000
01000011001111101000000000000000
01000010101001010000000000000000
01000010101000110000000000000000
01000010000111100000000000000000
01000011000000101000000000000000
01000011011011011000000000000000
01000011010101011000000000000000
01000011000101011000000000000000
01000011000011001000000000000000
01000011011000101000000000000000
01000010000011100000000000000000
01000011000101101000000000000000
01000001011010000000000000000000
01000011000011111000000000000000
01000011001110001000000000000000
01000011001110111000000000000000
01000011011100011000000000000000
01000001101001000000000000000000
01000011000011101000000000000000
01000011001001111000000000000000
01000010111011110000000000000000
01000010101100010000000000000000
01000010000100100000000000000000
01000010101111110000000000000000
01000011010111011000000000000000
01000011001101001000000000000000
01000010011101100000000000000000
01000011011111001000000000000000
01000010111101110000000000000000
01000011001111001000000000000000
01000011001100011000000000000000
01000010001110100000000000000000
