00111110110100001001010010010000
00111110011101110000100100000100
00111110111010111000110110000110
00111110101001000001110111011100
00111110000011111110011100000101
00111110011001001110000110010110
00111110000011010110111010100010
00111101101011011010110101111011
00111101100000010001100111100101
00111110101011110010100011110010
00111101110111010000000100111000
00111101100101110011010000110000
00111110010111010010100100000000
00111110110010010011011101101111
00111101111001111000100001111111
00111110100011100111001100011001
00111110111010000010010001001101
00111110011111011010101011011000
00111110111010010011010101110111
00111110111100110100001110111101
00111110111000011000110101001010
00111110100111101001110111100000
00111110000111010110101100011110
00111101110000000000100010101110
00111110010101010011111110101000
00111101010100110100101101101010
00111110110000101010111010000001
